4
3
3
4
3
4
3
3
3
4
4
4
3
3
4
4
4
3
4
4
4
4
4
3
4
4
4
3
3
3
4
4
4
4
4
3
3
4
4
3
3
3
3
4
4
3
3
4
4
4
4
4
4
4
4
4
4
4
4
4
4
4
4
3
4
4
3
3
4
4
4
3
4
4
4
3
3
3
3
3
4
4
4
3
4
4
4
4
3
4
4
3
4
3
3
4
4
4
4
3
4
3
3
3
4
3
4
4
3
4
4
4
4
4
3
4
4
3
3
4
4
4
3
4
4
4
4
4
3
4
4
4
4
4
4
4
4
4
3
4
3
4
3
4
3
3
4
4
4
4
4
4
4
3
3
4
3
3
4
4
4
4
3
4
3
4
3
3
4
4
4
3
4
4
3
4
4
3
3
4
3
4
4
4
4
4
4
4
3
3
3
4
4
4
4
3
# EPOCH START at 1784132411.07
# EPOCH START at 1784132901.61
# EPOCH START at 1784133256.27
# EPOCH START at 1784133288.24
3
3
3
3
4
3
3
4
4
4
4
3
4
4
4
# EPOCH START at 1784137129.37
# EPOCH START at 1784137139.6
# EPOCH START at 1784137383.69
4
# EPOCH START at 1784138077.51
# EPOCH START at 1784138280.47
# EPOCH START at 1784138310.28
4
4
3
4
3
4
4
4
3
3
4
# EPOCH START at 1784139717.58
# EPOCH START at 1784150227.91
# EPOCH START at 1784150285.69
4
3
4
3
4
4
4
3
4
4
4
